object Form6: TForm6
  Left = 0
  Top = 0
  Caption = 'Form6'
  ClientHeight = 480
  ClientWidth = 640
  FormFactor.Width = 320
  FormFactor.Height = 480
  FormFactor.Devices = [Desktop]
  DesignerMasterStyle = 0
  object Rectangle1: TRectangle
    Position.X = 344.000000000000000000
    Position.Y = 288.000000000000000000
    Size.Width = 50.000000000000000000
    Size.Height = 50.000000000000000000
    Size.PlatformDefault = False
    object Rectangle2: TRectangle
      Position.X = 184.000000000000000000
      Position.Y = 312.000000000000000000
      Size.Width = 50.000000000000000000
      Size.Height = 50.000000000000000000
      Size.PlatformDefault = False
      object Rectangle5: TRectangle
        Position.X = 112.000000000000000000
        Position.Y = 136.000000000000000000
        Size.Width = 50.000000000000000000
        Size.Height = 50.000000000000000000
        Size.PlatformDefault = False
      end
    end
    object Rectangle3: TRectangle
      Position.X = 616.000000000000000000
      Position.Y = 336.000000000000000000
      Size.Width = 50.000000000000000000
      Size.Height = 50.000000000000000000
      Size.PlatformDefault = False
    end
    object Rectangle4: TRectangle
      Position.X = 600.000000000000000000
      Position.Y = 56.000000000000000000
      Size.Width = 50.000000000000000000
      Size.Height = 50.000000000000000000
      Size.PlatformDefault = False
    end
    object Rectangle6: TRectangle
      Position.X = 592.000000000000000000
      Position.Y = 192.000000000000000000
      Size.Width = 50.000000000000000000
      Size.Height = 50.000000000000000000
      Size.PlatformDefault = False
      object DateEdit1: TDateEdit
        Date = 45525.000000000000000000
        Position.X = 72.000000000000000000
        Position.Y = 8.000000000000000000
        TabOrder = 0
      end
      object Edit1: TEdit
        Touch.InteractiveGestures = [LongTap, DoubleTap]
        TabOrder = 1
        Position.X = 104.000000000000000000
        Position.Y = 8.000000000000000000
      end
    end
    object Rectangle7: TRectangle
      Position.X = 608.000000000000000000
      Position.Y = 304.000000000000000000
      Size.Width = 50.000000000000000000
      Size.Height = 50.000000000000000000
      Size.PlatformDefault = False
      object Edit2: TEdit
        Touch.InteractiveGestures = [LongTap, DoubleTap]
        TabOrder = 0
        Position.X = 152.000000000000000000
        Position.Y = 24.000000000000000000
      end
    end
    object Rectangle8: TRectangle
      Position.X = 624.000000000000000000
      Position.Y = 432.000000000000000000
      Size.Width = 50.000000000000000000
      Size.Height = 50.000000000000000000
      Size.PlatformDefault = False
      object Text1: TText
        Position.X = 120.000000000000000000
        Position.Y = 8.000000000000000000
      end
    end
    object Text2: TText
      Position.X = 760.000000000000000000
      Position.Y = 320.000000000000000000
    end
  end
end
